1000
-9999 -1583
-9998 2428
-9995 -3260
-9971 1319
-9940 -5548
-9923 5781
-9919 -7855
-9913 -7878
-9894 8941
-9890 -63
-9837 4672
-9817 -6366
-9782 -1294
-9777 6856
-9773 6824
-9772 5702
-9768 -5745
-9672 -7921
-9640 1140
-9583 -4648
-9567 4848
-9559 3949
-9558 9824
-9524 -171
-9516 -9567
-9505 -3068
-9419 -940
-9413 -3988
-9401 -443
-9389 3585
-9368 -1481
-9358 2289
-9349 -9934
-9340 2489
-9276 5599
-9273 -5368
-9246 6831
-9236 -1709
-9220 9563
-9188 -7768
-9188 -1468
-9179 -889
-9150 -3852
-9086 -1073
-9084 7552
-9070 3528
-9014 7940
-8998 -9111
-8995 -2479
-8979 754
-8964 3760
-8961 -1769
-8960 1560
-8945 9870
-8915 -6236
-8895 3291
-8887 -2382
-8856 -4732
-8848 9448
-8823 9065
-8814 -4181
-8801 3383
-8786 -5682
-8764 -2043
-8735 -3819
-8731 -2560
-8709 -5271
-8707 -3165
-8700 -4219
-8699 4195
-8695 -915
-8684 -4568
-8670 5314
-8649 6392
-8578 569
-8568 -9909
-8558 7001
-8557 3579
-8520 8716
-8516 -3680
-8514 -2388
-8505 7500
-8503 6666
-8484 -7734
-8481 481
-8463 783
-8451 -3507
-8446 -638
-8431 -5928
-8425 4370
-8415 7776
-8394 -9255
-8373 -1984
-8372 -3024
-8340 5594
-8289 -5954
-8280 2516
-8236 1240
-8223 -6119
-8216 -7218
-8158 -3227
-8130 4275
-8110 2055
-8101 -9404
-8064 -4310
-8037 -6714
-8030 8508
-7989 2890
-7945 -7506
-7911 -6491
-7869 7100
-7864 -5892
-7856 5023
-7842 4755
-7835 -1008
-7831 9150
-7807 4824
-7791 -1301
-7789 -2895
-7786 169
-7719 -7389
-7712 1368
-7688 7640
-7651 8509
-7647 4653
-7641 3451
-7604 8113
-7571 1466
-7568 -8045
-7539 -5679
-7514 -6965
-7503 -2537
-7497 7647
-7455 -5806
-7448 -984
-7445 6075
-7422 593
-7415 -3671
-7393 -2979
-7390 -6027
-7373 -4043
-7373 -642
-7367 -4825
-7355 3913
-7307 1261
-7284 4007
-7283 -7034
-7272 -7476
-7243 385
-7200 -1992
-7144 1745
-7092 930
-7058 -4011
-7058 -2011
-7007 7986
-6997 -7321
-6992 9760
-6970 2228
-6945 6250
-6943 113
-6939 -1650
-6895 826
-6894 2010
-6885 -1766
-6875 -5492
-6868 -5661
-6840 -3242
-6834 672
-6829 2223
-6822 9148
-6746 -7666
-6690 -6663
-6687 -6234
-6681 -4019
-6660 -4278
-6657 -7747
-6628 -9066
-6618 -6720
-6606 2552
-6603 2643
-6601 -3774
-6585 8698
-6581 2916
-6543 3435
-6499 5369
-6489 -4973
-6478 7838
-6401 1090
-6392 8510
-6369 -5870
-6321 -2441
-6292 -1235
-6255 2493
-6205 -3465
-6183 4731
-6148 -9389
-6128 -3156
-6101 3909
-6095 2160
-6026 -1681
-5960 -260
-5924 -6828
-5894 2070
-5846 -3910
-5790 -7198
-5717 7431
-5708 2183
-5686 -5787
-5684 835
-5666 -3643
-5666 366
-5658 -9767
-5607 160
-5597 1223
-5571 -1135
-5563 -4586
-5561 2140
-5545 2386
-5540 -9838
-5523 4103
-5511 9782
-5488 5232
-5476 7220
-5460 1461
-5429 -1482
-5418 4385
-5397 -9883
-5354 -8470
-5289 8551
-5243 -5918
-5211 1651
-5198 -6044
-5196 3140
-5193 1350
-5173 -9482
-5157 -506
-5155 -3038
-5112 3149
-5085 -9488
-5076 -6494
-5057 -4366
-5039 -9370
-5021 5526
-4960 -8646
-4937 4675
-4932 5472
-4917 -5318
-4902 -746
-4894 294
-4872 3314
-4849 973
-4778 523
-4755 3776
-4721 -6033
-4696 -3256
-4691 -1585
-4666 -2967
-4655 7971
-4630 -9708
-4608 6317
-4601 -8537
-4564 -6679
-4561 -1901
-4548 -4224
-4511 -6581
-4490 -4461
-4480 2767
-4470 4559
-4456 2060
-4443 2894
-4420 6320
-4391 4105
-4378 -1818
-4348 -3635
-4330 -5541
-4291 9119
-4288 -3826
-4272 -6222
-4231 -7621
-4212 -6567
-4188 3418
-4185 -8845
-4176 1206
-4164 -7443
-4103 4075
-4102 -4565
-4075 7980
-4060 -5778
-4028 -4995
-3932 -2116
-3899 -9914
-3893 9846
-3887 7279
-3845 -9238
-3795 -7034
-3790 -1086
-3779 -8553
-3772 4514
-3757 1561
-3725 7681
-3685 797
-3671 -1613
-3628 3266
-3624 5258
-3598 3249
-3575 -5111
-3505 1948
-3480 9089
-3461 -4538
-3443 2788
-3438 -5063
-3417 -4031
-3417 9414
-3380 -671
-3341 -4727
-3255 -8011
-3253 -5622
-3242 -7053
-3240 7715
-3214 4801
-3206 -9268
-3203 -4213
-3201 -9962
-3148 783
-3145 197
-3115 -1182
-3087 -3029
-3069 -9782
-3043 8992
-3035 9676
-3024 1418
-2978 6865
-2967 7884
-2943 -2199
-2924 -2767
-2900 3174
-2877 2531
-2870 1019
-2854 -6603
-2836 -212
-2835 -8044
-2834 -64
-2753 -9106
-2742 7265
-2728 7868
-2684 1965
-2683 5407
-2682 -6975
-2676 -1512
-2672 -4154
-2652 2073
-2613 -2146
-2610 -4124
-2604 7681
-2581 8456
-2573 7275
-2565 6164
-2542 2741
-2532 1442
-2528 20
-2519 -8237
-2508 5225
-2493 -2165
-2490 -2845
-2463 7255
-2458 2732
-2408 -1642
-2383 -7697
-2374 -5666
-2373 -8445
-2354 4686
-2323 -2260
-2315 -5770
-2266 6
-2263 4550
-2244 1000
-2242 9154
-2238 4343
-2237 9530
-2222 -1937
-2222 6421
-2132 2048
-2078 5271
-2066 -3099
-2057 5681
-2053 -8797
-2052 -1496
-2036 4869
-2034 -2588
-2004 7178
-1981 -2611
-1969 3785
-1954 -3728
-1944 -5583
-1931 2241
-1931 7325
-1928 9862
-1925 1959
-1915 5609
-1884 2812
-1832 -4255
-1823 9691
-1820 5783
-1769 -815
-1766 6499
-1747 -6750
-1716 -8409
-1707 -1058
-1688 -1752
-1675 -3953
-1652 -5778
-1636 9223
-1606 -8285
-1601 9207
-1584 5591
-1581 -9871
-1576 8673
-1568 574
-1548 2633
-1533 9518
-1529 5511
-1526 -6659
-1499 8934
-1482 -5978
-1447 4010
-1434 4743
-1352 7546
-1343 -4809
-1340 586
-1314 -91
-1289 6239
-1268 -4679
-1253 -2790
-1216 -4369
-1212 545
-1193 1002
-1179 1527
-1160 -396
-1126 -7973
-1091 -9566
-1079 -4596
-1069 -781
-1061 9615
-1029 3202
-998 9161
-995 6542
-990 1271
-980 -5547
-970 9099
-959 -1656
-935 3733
-888 -7147
-887 -1091
-859 -6747
-838 -9899
-819 -3659
-814 9276
-795 -4528
-791 4420
-787 140
-779 -9874
-758 9800
-743 -2529
-737 7849
-725 -9552
-722 -4276
-609 3171
-601 2609
-571 9305
-556 -6996
-506 -1033
-478 -6533
-471 -5240
-471 -4689
-470 -4074
-449 25
-428 2668
-420 -6857
-348 -3950
-340 6099
-322 -6705
-311 3610
-303 -5306
-281 1195
-279 7226
-271 8589
-265 2342
-251 9870
-244 6669
-212 2517
-133 -4718
-95 6449
-93 -7255
-79 4366
-58 -5601
-54 -4994
22 -2952
36 1544
38 -2520
79 7311
117 -3782
134 -9393
160 3760
178 6325
207 5868
223 -3498
257 -2793
294 -1464
316 7235
382 -4214
401 1736
416 1383
441 3292
443 4492
460 5361
490 3302
501 -9651
513 -5250
532 4515
537 -2278
550 -4288
562 4232
615 -6822
618 1833
620 -6949
639 -5970
650 7603
653 -1896
675 -951
682 -2546
741 1039
754 1149
783 -7057
804 2199
809 -4963
812 9128
831 -5796
836 5395
893 -5973
895 6945
947 98
958 -3342
1046 -4989
1099 273
1151 -9853
1152 -2491
1163 -2492
1172 -2219
1180 2094
1181 -3351
1208 7207
1212 503
1222 7694
1233 -4557
1236 -3183
1249 3095
1265 8959
1293 -3715
1295 4150
1327 6586
1330 -6765
1358 -3239
1364 -2672
1433 -4764
1437 -2128
1445 100
1446 1473
1448 -4060
1452 1896
1454 -5524
1467 3037
1478 3595
1497 -9919
1512 -2342
1525 -4271
1553 1214
1577 8304
1578 -5753
1603 -5907
1611 1522
1619 -8679
1627 -2937
1640 -1
1655 -7388
1695 1457
1737 9504
1742 3516
1786 5886
1797 7581
1820 -3890
1844 1894
1871 2319
1879 94
1880 -7561
1887 4618
1899 -9338
1904 -3025
1909 -5625
1926 8326
1927 -5839
1948 -1552
1949 6891
1961 -1439
1973 8095
1985 98
1994 5947
2020 1475
2022 5361
2058 -2507
2067 9589
2075 -5225
2082 -3139
2085 9871
2118 842
2203 -3212
2212 -9441
2222 -9442
2227 3791
2230 8317
2232 -9659
2252 9064
2264 -2054
2278 -3324
2290 -1683
2321 9177
2332 6125
2418 -6132
2425 269
2428 5959
2445 6704
2449 -9866
2455 9387
2492 -9208
2494 7462
2507 -5756
2511 4374
2576 8037
2614 -4494
2625 5171
2669 5006
2708 -9973
2725 5830
2747 -5994
2749 2294
2858 -5435
2875 -7237
2935 -1918
2944 -7526
2969 2540
2971 -5394
2972 1422
2974 -1279
3026 6367
3037 5864
3056 -2069
3073 6402
3114 -3862
3118 -4515
3129 6109
3130 2921
3144 -5990
3169 3030
3172 2698
3181 -8274
3186 -9701
3187 -7701
3197 -4513
3311 -3356
3316 5872
3316 8728
3317 -4705
3321 8817
3375 4479
3388 -5208
3398 9460
3399 1497
3417 4926
3422 1059
3475 -7443
3493 -6906
3494 9269
3541 -4052
3563 2119
3566 788
3574 -4810
3593 3762
3602 7629
3606 6718
3619 9521
3629 -8841
3682 -428
3700 -4432
3703 577
3713 -4739
3734 4563
3754 -2428
3788 -5217
3795 9656
3807 -8131
3811 -7086
3846 2167
3857 9398
3878 2633
3899 -6884
3900 6697
3917 -6173
3940 -2037
3951 5146
3966 -9950
3990 8755
4005 7815
4018 1480
4022 3881
4032 -5927
4069 681
4070 6300
4134 2538
4167 4985
4189 4874
4198 8732
4238 -8550
4265 6501
4285 7893
4342 9506
4352 6897
4371 -2479
4376 304
4386 888
4412 4136
4413 -1144
4429 -182
4450 -6304
4487 -1294
4504 7680
4508 -5537
4533 4901
4572 -7229
4572 6223
4599 8430
4642 -1905
4644 178
4664 3143
4688 -9773
4690 5911
4700 -7354
4714 7421
4726 -9394
4735 -3866
4784 4464
4804 -5914
4806 4884
4819 5582
4836 6716
4851 -678
4853 4603
4878 4681
4928 -9282
4954 2261
5009 -4677
5032 1967
5034 6650
5051 7161
5055 -8028
5091 -1977
5114 6849
5127 3084
5161 -9065
5162 -4597
5216 -2710
5232 -1982
5269 -8542
5284 -4893
5312 -5116
5334 -3560
5347 -3396
5371 -9495
5387 -2924
5389 3357
5403 735
5413 5570
5424 -3499
5443 -6036
5482 1928
5511 -9081
5516 6713
5546 578
5556 -4044
5596 -6845
5622 -4785
5629 8978
5639 7313
5649 6455
5670 4380
5690 8182
5725 -6761
5733 5463
5764 -4514
5805 3105
5807 3212
5818 6231
5830 4549
5833 8141
5851 7004
5898 -6286
5966 7707
6064 -3024
6064 2137
6066 -9124
6133 -6589
6149 8478
6175 2074
6182 7865
6211 -182
6215 -5526
6220 -6819
6221 9661
6258 -6034
6291 -2402
6312 6149
6314 4676
6327 -6003
6335 -4668
6341 4225
6346 -4021
6363 3517
6373 -944
6404 8831
6426 -3688
6428 -6758
6430 -5481
6442 -9766
6454 531
6469 4811
6471 -7772
6489 -4468
6549 7019
6569 -7119
6594 8683
6597 3471
6626 3935
6655 4727
6661 8719
6662 -3137
6677 8119
6688 5920
6695 -8210
6746 5388
6752 -4130
6798 -4261
6839 -1441
6917 -5081
6932 8087
6938 7020
7021 -2565
7027 -5608
7032 -5518
7039 -1157
7077 3718
7116 -6892
7117 -4281
7132 -9360
7139 -5907
7169 -256
7187 -4077
7195 7858
7198 1336
7261 9799
7311 -5023
7409 2706
7447 -3571
7462 -9349
7473 2367
7474 -3186
7496 -545
7531 1023
7562 -9237
7566 -5681
7578 1494
7674 -1136
7684 9395
7708 9558
7727 -5775
7742 -664
7745 7655
7794 7433
7813 -5819
7824 -9919
7862 3194
7884 676
7893 2050
7946 -9913
7976 9878
7984 -3097
7985 8443
8001 3481
8008 9114
8036 -1244
8042 627
8050 9345
8055 5787
8058 -9059
8060 -6823
8113 3809
8175 6301
8182 -2664
8193 -5961
8205 -229
8218 -7747
8221 4855
8295 -2353
8302 -6183
8309 -9604
8309 4763
8309 7526
8357 4916
8379 8959
8394 6599
8398 -1069
8403 5599
8411 -4479
8438 4330
8441 4384
8441 7690
8451 -8841
8496 -5581
8591 7411
8594 1130
8621 8728
8645 2436
8658 -2751
8702 7165
8726 311
8812 -8220
8857 -3664
8898 -2991
8908 9728
8923 -5007
8943 1152
8946 -5696
8973 -2875
8977 -4752
8983 -210
8986 -3082
9002 7244
9003 1490
9023 715
9057 -2190
9064 -172
9075 -6041
9076 -8576
9080 -7332
9088 -9411
9100 7233
9105 9986
9123 -9590
9136 1802
9139 2868
9166 8970
9170 9737
9177 -6820
9204 8056
9225 3148
9272 5557
9310 -6078
9369 3740
9372 9314
9395 4977
9411 -6402
9443 5020
9450 -1204
9455 -4551
9463 5177
9477 3690
9478 7624
9480 -7956
9482 622
9505 -3316
9514 -7037
9521 -2705
9528 6374
9541 -2175
9561 2070
9579 -7218
9584 5970
9615 -3438
9642 -9761
9660 -4277
9679 -7438
9688 -6117
9711 -5209
9723 5483
9752 -3818
9792 3594
9805 8947
9844 -7405
9849 -1773
9868 6756
9878 -6094
9890 -3784
9996 -8661
